0 0.56328125 0.68046875 0.15 0.2515625
0 0.53125 0.49140625 0.1578125 0.2265625
4 0.46171875 0.83046875 0.1515625 0.2515625
0 0.49296875 0.1734375 0.1171875 0.196875
4 0.19453125 0.5078125 0.15625 0.24375
0 0.37109375 0.31875 0.121875 0.215625
4 0.721875 0.67890625 0.1890625 0.278125
4 0.4578125 0.2796875 0.1375 0.2296875
3 0.22109375 0.2359375 0.1375 0.221875
3 0.35859375 0.68203125 0.1390625 0.25
3 0.58671875 0.3484375 0.1359375 0.221875
3 0.31953125 0.165625 0.109375 0.2
1 0.434375 0.465625 0.146875 0.240625
1 0.33046875 0.48671875 0.13125 0.228125
3 0.1359375 0.36796875 0.15 0.228125