0 0.534375 0.68828125 0.11484375 0.2359375
0 0.53203125 0.49609375 0.1265625 0.20859375
4 0.41015625 0.8203125 0.115625 0.23671875
0 0.54375 0.1765625 0.0890625 0.1859375
4 0.196875 0.46015625 0.12265625 0.22734375
0 0.40078125 0.30078125 0.09140625 0.20390625
4 0.69140625 0.71171875 0.15078125 0.2578125
4 0.49296875 0.27578125 0.10546875 0.215625
3 0.265625 0.1953125 0.10625 0.2078125
3 0.33203125 0.6578125 0.10390625 0.2359375
3 0.609375 0.3640625 0.10390625 0.20859375
3 0.37421875 0.14140625 0.08046875 0.1890625
1 0.440625 0.45546875 0.1125 0.2265625
1 0.334375 0.46015625 0.09921875 0.21484375
3 0.1609375 0.3125 0.11875 0.2125