0 0.85703125 0.44609375 0.1984375 0.165625
0 0.45 0.55625 0.2203125 0.190625
0 0.60546875 0.76796875 0.225 0.190625
0 0.615625 0.61953125 0.2234375 0.190625
0 0.71796875 0.421875 0.1765625 0.1484375
0 0.50234375 0.72265625 0.21875 0.1859375
2 0.6890625 0.33515625 0.1515625 0.134375
1 0.5453125 0.57421875 0.2 0.175
1 0.3125 0.65546875 0.2296875 0.196875
1 0.77890625 0.5328125 0.2171875 0.184375
1 0.37265625 0.465625 0.21875 0.190625
1 0.40859375 0.67109375 0.2265625 0.19375
1 0.58203125 0.409375 0.1953125 0.1640625
1 0.61484375 0.471875 0.1875 0.1546875