0 0.66171875 0.82265625 0.1921875 0.1828125
0 0.43125 0.4703125 0.215625 0.20625
0 0.27734375 0.68359375 0.21875 0.209375
0 0.421875 0.646875 0.21875 0.2078125
0 0.6421875 0.68359375 0.1703125 0.1625
0 0.2890625 0.57109375 0.2125 0.203125
2 0.71484375 0.62890625 0.15 0.1453125
1 0.44375 0.565625 0.196875 0.1890625
1 0.29453125 0.36953125 0.2234375 0.2140625
1 0.5546875 0.775 0.2109375 0.2015625
1 0.49375 0.36796875 0.2140625 0.20625
1 0.309375 0.465625 0.2203125 0.2109375
1 0.61171875 0.55 0.1890625 0.1796875
1 0.56171875 0.6 0.1796875 0.171875