0 0.4296875 0.37734375 0.2578125 0.2765625
0 0.6578125 0.54375 0.25 0.2671875
3 0.5484375 0.271875 0.20625 0.21875
0 0.628125 0.43671875 0.2359375 0.253125
3 0.7875 0.4484375 0.20625 0.2171875
3 0.57578125 0.7265625 0.253125 0.2734375
0 0.56796875 0.15 0.2171875 0.2328125
2 0.3375 0.25234375 0.26875 0.2859375
3 0.196875 0.71328125 0.2734375 0.29375
2 0.190625 0.40234375 0.3015625 0.315625
2 0.45234375 0.6984375 0.2484375 0.2671875
2 0.10625 0.62421875 0.2125 0.3015625
2 0.67578125 0.265625 0.2171875 0.234375
1 0.53984375 0.4421875 0.225 0.2359375
1 0.40390625 0.56171875 0.26875 0.2890625