0 0.55390625 0.47578125 0.1734375 0.0921875
0 0.746875 0.5296875 0.175 0.0953125
0 0.446875 0.73515625 0.153125 0.084375
0 0.453125 0.61953125 0.16953125 0.08515625
2 0.5015625 0.3984375 0.17578125 0.09375
1 0.64296875 0.5921875 0.1578125 0.0828125
1 0.440625 0.496875 0.16796875 0.090625
0 0.28046875 0.53046875 0.175 0.07890625
0 0.33984375 0.66953125 0.15625 0.0765625
1 0.2078125 0.44296875 0.175 0.0859375
0 0.5203125 0.55625 0.15703125 0.0796875
1 0.16953125 0.57578125 0.1765625 0.08515625
1 0.40859375 0.43046875 0.18046875 0.0890625
1 0.24765625 0.6078125 0.1765625 0.08515625
1 0.3640625 0.56796875 0.171875 0.08125
0 0.353125 0.61953125 0.08984375 0.03671875