0 0.4421875 0.68203125 0.2125 0.2625
0 0.53046875 0.51171875 0.209375 0.24375
3 0.2703125 0.740625 0.2125 0.2640625
0 0.690625 0.23515625 0.165625 0.20625
3 0.25078125 0.32265625 0.215625 0.2578125
0 0.50625 0.27734375 0.1765625 0.2234375
3 0.56953125 0.7765625 0.2546875 0.2984375
3 0.59921875 0.2984375 0.19375 0.240625
2 0.4359375 0.12109375 0.190625 0.2328125
2 0.27734375 0.56015625 0.203125 0.2578125
2 0.66015625 0.43125 0.1890625 0.2328125
2 0.55703125 0.12421875 0.159375 0.2046875
1 0.46875 0.4328125 0.20625 0.253125
1 0.37265625 0.38671875 0.1890625 0.2359375
2 0.28828125 0.175 0.2046875 0.24375