0 0.453125 0.69765625 0.1375 0.08125
0 0.53828125 0.5203125 0.1265625 0.075
0 0.44765625 0.625 0.134375 0.078125
0 0.565625 0.6296875 0.1296875 0.0734375
0 0.79453125 0.6609375 0.1203125 0.0609375
1 0.42109375 0.51015625 0.1203125 0.0703125
0 0.73828125 0.575 0.121875 0.0578125
1 0.6921875 0.5046875 0.1171875 0.0609375
2 0.7765625 0.51484375 0.1203125 0.0609375
1 0.69296875 0.6671875 0.14375 0.078125
1 0.55625 0.5703125 0.1265625 0.0703125
1 0.56796875 0.44375 0.121875 0.0703125
1 0.66015625 0.553125 0.11875 0.0640625
1 0.44765625 0.5578125 0.125 0.06875