0 0.5265625 0.59140625 0.1203125 0.0796875
0 0.3359375 0.646875 0.1578125 0.1015625
0 0.6140625 0.6875 0.1203125 0.0859375
2 0.5609375 0.52109375 0.121875 0.0796875
0 0.2734375 0.52890625 0.16875 0.0984375
1 0.4546875 0.51015625 0.11875 0.075
0 0.23671875 0.7140625 0.1609375 0.1046875
0 0.20703125 0.640625 0.1578125 0.103125
1 0.28984375 0.4375 0.1609375 0.0875
1 0.14140625 0.5171875 0.159375 0.09375
1 0.490625 0.69140625 0.146875 0.10625
1 0.3046875 0.58515625 0.1515625 0.1
1 0.425 0.56484375 0.1171875 0.075
1 0.18203125 0.57109375 0.1515625 0.0921875