0 0.44609375 0.69609375 0.13515625 0.0765625
0 0.5375 0.521875 0.1234375 0.0703125
0 0.44296875 0.6234375 0.13125 0.0734375
0 0.5609375 0.63203125 0.1265625 0.06953125
0 0.7890625 0.67109375 0.11796875 0.05703125
1 0.42109375 0.50703125 0.11796875 0.065625
0 0.73515625 0.58359375 0.11953125 0.05390625
1 0.6921875 0.51171875 0.115625 0.05625
2 0.77578125 0.52421875 0.11796875 0.05625
1 0.68671875 0.6734375 0.140625 0.0734375
1 0.55390625 0.571875 0.12421875 0.06640625
1 0.56953125 0.44609375 0.11953125 0.065625
1 0.65859375 0.55859375 0.1171875 0.059375
1 0.4453125 0.55625 0.12265625 0.0640625