0 0.53984375 0.45703125 0.1953125 0.153125
0 0.7390625 0.43125 0.1984375 0.15625
0 0.54296875 0.7375 0.1734375 0.1375
0 0.50390625 0.628125 0.1890625 0.1453125
2 0.46171875 0.40625 0.1984375 0.1546875
1 0.66796875 0.52890625 0.178125 0.1375
1 0.44375 0.5203125 0.190625 0.1484375
0 0.31015625 0.6140625 0.1921875 0.140625
0 0.41875 0.71875 0.1734375 0.13125
1 0.20859375 0.56171875 0.1953125 0.146875
0 0.540625 0.54375 0.175 0.134375
1 0.22578125 0.69921875 0.1953125 0.146875
1 0.3890625 0.471875 0.2015625 0.153125
1 0.31015625 0.69765625 0.1953125 0.146875
1 0.4015625 0.615625 0.190625 0.1421875
0 0.41171875 0.6671875 0.096875 0.06875