0 0.23984375 0.68515625 0.17734375 0.09296875
0 0.66015625 0.65 0.12265625 0.07578125
0 0.5765625 0.54140625 0.13125 0.0671875
0 0.359375 0.60546875 0.1625 0.090625
0 0.22109375 0.603125 0.16171875 0.0875
2 0.625 0.459375 0.125 0.06796875
1 0.50703125 0.45234375 0.12421875 0.06796875
1 0.34375 0.3796875 0.1625 0.0859375
0 0.315625 0.47734375 0.16953125 0.084375
1 0.52109375 0.65546875 0.1609375 0.0953125
1 0.3421875 0.53828125 0.1671875 0.08203125
1 0.47421875 0.5140625 0.1453125 0.06953125
1 0.20859375 0.525 0.14375 0.078125
1 0.1796875 0.46875 0.15078125 0.0765625