0 0.36640625 0.54609375 0.259375 0.275
0 0.57265625 0.353125 0.2515625 0.265625
3 0.2859375 0.40859375 0.2078125 0.2171875
0 0.4625 0.3625 0.2375 0.2515625
3 0.50390625 0.2078125 0.2078125 0.215625
3 0.73671875 0.46875 0.2546875 0.271875
0 0.16953125 0.36640625 0.21875 0.23125
2 0.22578125 0.61171875 0.2703125 0.284375
3 0.6515625 0.83828125 0.2765625 0.29375
2 0.34453125 0.78515625 0.303125 0.315625
2 0.68515625 0.58515625 0.25 0.265625
2 0.53984375 0.89765625 0.2890625 0.2046875
2 0.303125 0.2828125 0.21875 0.2328125
1 0.45078125 0.45 0.2265625 0.2359375
1 0.5421875 0.60625 0.271875 0.2875