0 0.63359375 0.63671875 0.2265625 0.259375
0 0.52421875 0.47890625 0.221875 0.24375
3 0.6046875 0.815625 0.228125 0.2609375
0 0.35546875 0.20703125 0.178125 0.2046875
3 0.2265625 0.63671875 0.228125 0.2578125
0 0.30625 0.390625 0.1890625 0.2203125
3 0.77734375 0.56875 0.26875 0.2984375
3 0.36875 0.31796875 0.2078125 0.2375
2 0.13515625 0.378125 0.2046875 0.23125
2 0.44921875 0.725 0.21875 0.253125
2 0.51484375 0.32578125 0.203125 0.23125
2 0.1953125 0.2734375 0.171875 0.2015625
1 0.42578125 0.49609375 0.2203125 0.25
1 0.340625 0.559375 0.203125 0.234375
2 0.1140625 0.534375 0.2171875 0.2421875