0 0.55859375 0.49296875 0.1921875 0.1390625
0 0.72734375 0.60078125 0.1953125 0.1421875
0 0.38046875 0.709375 0.171875 0.125
0 0.4203125 0.60078125 0.1875 0.13125
2 0.53125 0.403125 0.1953125 0.140625
1 0.61015625 0.6296875 0.175 0.125
1 0.44375 0.4796875 0.1875 0.1359375
0 0.28125 0.46484375 0.190625 0.1265625
0 0.29765625 0.615625 0.171875 0.11875
1 0.2375 0.36015625 0.1921875 0.1328125
0 0.503125 0.559375 0.1734375 0.121875
1 0.16171875 0.47578125 0.19375 0.1328125
1 0.4328125 0.40703125 0.1984375 0.1375
1 0.22734375 0.5296875 0.19375 0.1328125
1 0.35 0.525 0.1875 0.128125
0 0.32421875 0.57109375 0.096875 0.0609375