0 0.284375 0.73515625 0.1921875 0.128125
0 0.6875 0.61328125 0.1359375 0.1
0 0.58359375 0.52421875 0.1421875 0.09375
0 0.384375 0.63203125 0.178125 0.121875
0 0.2484375 0.65859375 0.1765625 0.11875
2 0.6140625 0.434375 0.1359375 0.0921875
1 0.496875 0.4515625 0.1359375 0.0921875
1 0.321875 0.41484375 0.1765625 0.1171875
0 0.31484375 0.51640625 0.1828125 0.1171875
1 0.553125 0.64765625 0.1765625 0.1265625
1 0.35390625 0.5703125 0.18125 0.115625
1 0.47734375 0.51875 0.15625 0.0984375
1 0.2203125 0.58515625 0.15625 0.10625
1 0.18046875 0.5359375 0.1640625 0.10625