0 0.4 0.67734375 0.15 0.10625
0 0.53125 0.53046875 0.1375 0.0984375
0 0.41484375 0.60625 0.1453125 0.103125
0 0.52734375 0.64296875 0.1390625 0.0984375
0 0.7390625 0.7359375 0.128125 0.084375
1 0.421875 0.4875 0.1296875 0.0921875
0 0.7078125 0.63828125 0.1296875 0.08125
1 0.68359375 0.5578125 0.1265625 0.0828125
2 0.76171875 0.58984375 0.128125 0.0828125
1 0.6390625 0.71328125 0.1546875 0.1046875
1 0.53515625 0.5828125 0.1359375 0.09375
1 0.58046875 0.46484375 0.13125 0.0921875
1 0.63984375 0.5953125 0.128125 0.0859375
1 0.43359375 0.54140625 0.134375 0.0921875