0 0.534375 0.5890625 0.1140625 0.0703125
0 0.34921875 0.6609375 0.15078125 0.08828125
0 0.6296875 0.6765625 0.11484375 0.0765625
2 0.5625 0.515625 0.11640625 0.06953125
0 0.2765625 0.5484375 0.16171875 0.08515625
1 0.45546875 0.5140625 0.1140625 0.065625
0 0.25625 0.7359375 0.15390625 0.0921875
0 0.2203125 0.665625 0.15 0.090625
1 0.28515625 0.45625 0.1546875 0.07421875
1 0.14453125 0.5484375 0.153125 0.08125
1 0.50703125 0.69140625 0.1390625 0.09375
1 0.3125 0.6015625 0.14453125 0.08828125
1 0.43125 0.57109375 0.11171875 0.065625
1 0.1890625 0.5984375 0.1453125 0.08046875