0 0.2609375 0.71171875 0.1859375 0.1109375
0 0.675 0.6328125 0.1296875 0.0875
0 0.58046875 0.5328125 0.1375 0.08125
0 0.37109375 0.61953125 0.1703125 0.1078125
0 0.23359375 0.63203125 0.1703125 0.1046875
2 0.6203125 0.446875 0.13125 0.08125
1 0.50234375 0.4515625 0.13125 0.08125
1 0.33203125 0.396875 0.1703125 0.103125
0 0.3140625 0.496875 0.178125 0.1015625
1 0.5375 0.65234375 0.1703125 0.1109375
1 0.346875 0.5546875 0.175 0.0984375
1 0.47578125 0.51640625 0.1515625 0.084375
1 0.2125 0.55546875 0.1515625 0.0921875
1 0.178125 0.50234375 0.1578125 0.0921875