0 0.36796875 0.55078125 0.2640625 0.2734375
0 0.5671875 0.35078125 0.2546875 0.2640625
4 0.2828125 0.41640625 0.2109375 0.215625
0 0.45703125 0.3640625 0.2421875 0.25
4 0.49375 0.2078125 0.209375 0.215625
4 0.73515625 0.46015625 0.259375 0.26875
0 0.16484375 0.378125 0.221875 0.2296875
3 0.2296875 0.62109375 0.275 0.2828125
4 0.66328125 0.8328125 0.2796875 0.290625
3 0.3546875 0.790625 0.30625 0.3140625
3 0.68828125 0.578125 0.2546875 0.2625
3 0.55546875 0.89765625 0.2921875 0.2046875
3 0.29609375 0.28984375 0.2234375 0.23125
1 0.44921875 0.45234375 0.228125 0.234375
1 0.54609375 0.6046875 0.275 0.2859375