0 0.36796875 0.44921875 0.12578125 0.25390625
0 0.65 0.434375 0.1265625 0.240625
4 0.39453125 0.2921875 0.1125 0.18984375
0 0.559375 0.3703125 0.11953125 0.228125
4 0.690625 0.27890625 0.11484375 0.1859375
4 0.7015625 0.628125 0.1203125 0.25390625
0 0.3328125 0.18515625 0.10859375 0.2109375
3 0.21796875 0.409375 0.14140625 0.253125
4 0.3984375 0.85625 0.13203125 0.271875
3 0.19765625 0.61875 0.16796875 0.27109375
3 0.5875 0.684375 0.1234375 0.24296875
3 0.24375 0.86875 0.16171875 0.2578125
3 0.4890625 0.20703125 0.10546875 0.215625
1 0.49453125 0.43046875 0.125 0.20234375
1 0.4640625 0.60859375 0.13203125 0.26484375