0 0.3640625 0.5390625 0.253125 0.278125
0 0.58046875 0.35703125 0.2453125 0.26875
4 0.290625 0.39765625 0.2046875 0.21875
0 0.46953125 0.3609375 0.2328125 0.2546875
4 0.51953125 0.20859375 0.203125 0.2171875
4 0.73828125 0.48125 0.2484375 0.275
0 0.17734375 0.34921875 0.2140625 0.234375
3 0.2203125 0.59765625 0.265625 0.2875
4 0.63359375 0.8453125 0.26875 0.296875
3 0.3296875 0.7765625 0.296875 0.3171875
3 0.68046875 0.59453125 0.2453125 0.26875
3 0.5171875 0.8984375 0.284375 0.203125
3 0.31484375 0.27265625 0.2140625 0.2359375
1 0.45390625 0.44765625 0.221875 0.2375
1 0.53671875 0.60859375 0.2640625 0.290625