0 0.4234375 0.675 0.2265625 0.259375
0 0.52890625 0.51484375 0.221875 0.24375
4 0.24609375 0.715625 0.228125 0.2609375
0 0.7171875 0.25625 0.178125 0.2046875
4 0.27109375 0.29765625 0.228125 0.2578125
0 0.52890625 0.2796875 0.1890625 0.2203125
4 0.540625 0.7828125 0.26875 0.2984375
4 0.61953125 0.31015625 0.2078125 0.2375
3 0.47578125 0.11640625 0.2046875 0.23125
3 0.27265625 0.53671875 0.21875 0.253125
3 0.66640625 0.4484375 0.203125 0.23125
3 0.59609375 0.13203125 0.171875 0.2015625
1 0.47578125 0.4296875 0.2203125 0.25
1 0.38515625 0.37421875 0.203125 0.234375
3 0.3234375 0.1546875 0.2171875 0.2421875