0 0.55 0.46875 0.184375 0.115625
0 0.7484375 0.4953125 0.1859375 0.11875
0 0.48046875 0.740625 0.1640625 0.1046875
0 0.4703125 0.625 0.1796875 0.1078125
2 0.4875 0.39921875 0.1875 0.1171875
1 0.6546875 0.57109375 0.1671875 0.1046875
1 0.440625 0.50546875 0.1796875 0.1125
0 0.28671875 0.5609375 0.184375 0.103125
0 0.36484375 0.68984375 0.165625 0.096875
1 0.20234375 0.484375 0.1859375 0.109375
0 0.528125 0.553125 0.1671875 0.1
1 0.18359375 0.62109375 0.1859375 0.109375
1 0.4 0.44375 0.190625 0.1140625
1 0.26484375 0.6421875 0.1859375 0.109375
1 0.375 0.5859375 0.18125 0.1046875
0 0.37109375 0.6390625 0.09375 0.0484375