0 0.57421875 0.56015625 0.134375 0.1171875
0 0.45 0.71484375 0.175 0.1515625
0 0.70078125 0.58828125 0.1375 0.1234375
2 0.56171875 0.48203125 0.1359375 0.11875
0 0.33046875 0.65390625 0.1828125 0.1546875
1 0.46875 0.534375 0.13125 0.1140625
0 0.40703125 0.8265625 0.1796875 0.15625
0 0.340625 0.78359375 0.175 0.153125
1 0.2921875 0.56953125 0.1703125 0.1421875
1 0.21640625 0.71953125 0.1734375 0.146875
1 0.6015625 0.6625 0.1671875 0.15
1 0.38828125 0.68203125 0.16875 0.1484375
1 0.47578125 0.59609375 0.1296875 0.1125
1 0.2796875 0.740625 0.165625 0.1421875