1 0.22578125 0.51640625 0.2109375 0.140625
1 0.51015625 0.7453125 0.2171875 0.153125
0 0.37109375 0.5 0.1875 0.134375
1 0.209375 0.43828125 0.209375 0.134375
0 0.36796875 0.659375 0.2 0.14375
0 0.18125 0.72578125 0.2421875 0.171875
1 0.3734375 0.571875 0.2015625 0.140625
0 0.1984375 0.615625 0.234375 0.1640625
1 0.4265625 0.40390625 0.19375 0.128125
1 0.56328125 0.5265625 0.171875 0.1078125
0 0.590625 0.63125 0.175 0.1046875
1 0.51015625 0.5796875 0.1703125 0.1171875
0 0.628125 0.75859375 0.178125 0.1140625
2 0.66640625 0.56640625 0.14375 0.0984375