1 0.23671875 0.57734375 0.19296875 0.09921875
1 0.56484375 0.73671875 0.196875 0.1125
0 0.37421875 0.52890625 0.1703125 0.0984375
1 0.203125 0.50546875 0.19296875 0.09375
0 0.40703125 0.68515625 0.18125 0.10546875
0 0.23984375 0.79140625 0.21953125 0.125
1 0.39296875 0.5984375 0.18359375 0.10234375
0 0.23203125 0.68046875 0.21328125 0.11953125
1 0.40703125 0.42265625 0.178125 0.090625
1 0.56796875 0.51171875 0.16015625 0.0734375
0 0.61796875 0.6078125 0.16328125 0.06953125
1 0.528125 0.575 0.15625 0.08359375
0 0.6828125 0.7234375 0.16484375 0.07890625
2 0.67734375 0.52734375 0.13046875 0.07109375