0 0.3421875 0.778125 0.2 0.159375
0 0.70859375 0.56796875 0.14375 0.1203125
0 0.58671875 0.50546875 0.146875 0.115625
0 0.4171875 0.6546875 0.1859375 0.1515625
0 0.290625 0.71171875 0.1828125 0.146875
2 0.59609375 0.41015625 0.1421875 0.1140625
1 0.4859375 0.45390625 0.140625 0.1140625
1 0.3078125 0.45703125 0.184375 0.146875
0 0.3234375 0.55703125 0.1890625 0.1484375
1 0.58515625 0.63203125 0.1859375 0.1546875
1 0.3734375 0.6015625 0.1859375 0.1453125
1 0.4828125 0.5234375 0.1609375 0.125
1 0.24609375 0.64609375 0.1640625 0.13125
1 0.196875 0.60703125 0.16875 0.1328125