0 0.48828125 0.703125 0.1484375 0.103125
0 0.54140625 0.51328125 0.1359375 0.09375
0 0.46953125 0.6328125 0.14375 0.0984375
0 0.58671875 0.61640625 0.1375 0.09375
0 0.81796875 0.60703125 0.1265625 0.0796875
1 0.42421875 0.5234375 0.1296875 0.0890625
0 0.74765625 0.5328125 0.128125 0.078125
1 0.690625 0.471875 0.125 0.0796875
2 0.775 0.46640625 0.1265625 0.0796875
1 0.71875 0.63046875 0.153125 0.1015625
1 0.56796875 0.559375 0.1359375 0.090625
1 0.55703125 0.4328125 0.13125 0.0890625
1 0.6671875 0.52421875 0.1265625 0.0828125
1 0.4578125 0.56640625 0.1328125 0.0875