0 0.425 0.3796875 0.253125 0.278125
0 0.659375 0.5375 0.2453125 0.26875
3 0.540625 0.2703125 0.2046875 0.21875
0 0.62578125 0.43203125 0.2328125 0.2546875
3 0.78515625 0.43828125 0.203125 0.2171875
3 0.58359375 0.7234375 0.2484375 0.275
0 0.55625 0.14765625 0.2140625 0.234375
2 0.3296875 0.2578125 0.265625 0.2875
3 0.2046875 0.7234375 0.26875 0.296875
2 0.18671875 0.4125 0.296875 0.3171875
2 0.45859375 0.7 0.2453125 0.26875
2 0.1078125 0.640625 0.215625 0.303125
2 0.6671875 0.259375 0.2140625 0.2359375
1 0.5375 0.44140625 0.221875 0.2375
1 0.40625 0.56484375 0.2640625 0.290625