0 0.4484375 0.684375 0.20625 0.2625
0 0.53046875 0.51015625 0.2046875 0.2421875
3 0.27890625 0.7484375 0.2078125 0.2640625
0 0.68125 0.228125 0.1609375 0.20625
3 0.2453125 0.33125 0.209375 0.2578125
0 0.4984375 0.27734375 0.171875 0.2234375
3 0.57890625 0.77421875 0.2484375 0.2984375
3 0.5921875 0.2953125 0.1890625 0.240625
2 0.42265625 0.1234375 0.1859375 0.2328125
2 0.2796875 0.56796875 0.196875 0.2578125
2 0.6578125 0.42578125 0.184375 0.2328125
2 0.54453125 0.12265625 0.1546875 0.2046875
1 0.46640625 0.43359375 0.2 0.253125
1 0.36875 0.39140625 0.1828125 0.2359375
2 0.27734375 0.1828125 0.2 0.24375