1 0.45 0.54140625 0.1625 0.128125
1 0.334375 0.48359375 0.15625 0.1234375
1 0.63125 0.5203125 0.125 0.1
1 0.4984375 0.39765625 0.1625 0.125
1 0.57734375 0.56328125 0.1296875 0.103125
0 0.4421875 0.478125 0.1703125 0.1328125
1 0.58515625 0.7015625 0.1671875 0.1375
2 0.73203125 0.56484375 0.1234375 0.096875
0 0.66328125 0.621875 0.1328125 0.1015625
1 0.3203125 0.42109375 0.1625 0.1234375
0 0.44921875 0.60859375 0.1640625 0.1328125
0 0.31640625 0.63984375 0.16875 0.1375
0 0.70625 0.7375 0.1515625 0.1140625
0 0.3203125 0.55859375 0.1671875 0.134375