0 0.359375 0.4875 0.190625 0.278125
0 0.62578125 0.3953125 0.1875 0.265625
3 0.34140625 0.3296875 0.1609375 0.2140625
0 0.52109375 0.35859375 0.178125 0.2515625
3 0.62265625 0.23515625 0.1609375 0.2109375
3 0.72890625 0.56796875 0.1859375 0.2765625
0 0.25234375 0.24375 0.1625 0.2328125
2 0.20390625 0.490625 0.20625 0.2828125
3 0.50078125 0.86015625 0.2015625 0.2796875
2 0.2421875 0.69765625 0.2359375 0.30625
2 0.63515625 0.653125 0.1859375 0.2671875
2 0.35546875 0.8890625 0.2265625 0.221875
2 0.40859375 0.22109375 0.1609375 0.2359375
1 0.47578125 0.434375 0.1765625 0.2296875
1 0.4953125 0.6140625 0.2 0.290625