0 0.18125 0.51953125 0.2 0.1734375
0 0.55625 0.71171875 0.14375 0.1296875
0 0.54296875 0.57578125 0.146875 0.1265625
0 0.325 0.51484375 0.1859375 0.1625
0 0.20859375 0.43984375 0.1828125 0.159375
2 0.62734375 0.53203125 0.1421875 0.1234375
1 0.53125 0.46328125 0.140625 0.1234375
1 0.43125 0.31484375 0.1828125 0.159375
0 0.35546875 0.3828125 0.1890625 0.1609375
1 0.43515625 0.64296875 0.1875 0.165625
1 0.34609375 0.44921875 0.1859375 0.1578125
1 0.4703125 0.4984375 0.159375 0.1359375
1 0.23984375 0.36640625 0.1640625 0.1421875
1 0.24453125 0.30390625 0.16875 0.1453125