1 0.46875 0.55703125 0.14296875 0.08046875
1 0.340625 0.546875 0.1375 0.078125
1 0.62890625 0.46953125 0.10859375 0.0640625
1 0.46015625 0.40546875 0.14375 0.0765625
1 0.5953125 0.5296875 0.1140625 0.065625
0 0.43828125 0.5015625 0.15 0.0828125
1 0.6546875 0.6546875 0.14453125 0.090625
2 0.73984375 0.4734375 0.1078125 0.0609375
0 0.696875 0.5515625 0.11875 0.0609375
1 0.30390625 0.49453125 0.14453125 0.075
0 0.49375 0.61953125 0.1421875 0.0859375
0 0.38203125 0.6984375 0.14609375 0.08984375
0 0.78046875 0.64296875 0.13515625 0.06875
0 0.35546875 0.621875 0.1453125 0.08671875