0 0.83359375 0.6375 0.18046875 0.08515625
0 0.428125 0.52265625 0.19296875 0.10625
0 0.45234375 0.784375 0.2 0.103125
0 0.5375 0.66171875 0.2 0.10234375
0 0.72734375 0.5453125 0.1578125 0.07890625
0 0.3875 0.6921875 0.1953125 0.09921875
2 0.746875 0.45625 0.1296875 0.07890625
1 0.50078125 0.58671875 0.1734375 0.1
1 0.259375 0.53671875 0.20234375 0.10859375
1 0.721875 0.671875 0.19296875 0.1
1 0.40859375 0.4046875 0.1921875 0.10625
1 0.33359375 0.59921875 0.2015625 0.1046875
1 0.6171875 0.46484375 0.17734375 0.084375
1 0.6125 0.53515625 0.17109375 0.078125