0 0.84375 0.390625 0.19375 0.18125
0 0.459375 0.56328125 0.215625 0.2046875
0 0.64609375 0.7484375 0.21875 0.2078125
0 0.6328125 0.6 0.21875 0.20625
0 0.703125 0.38828125 0.171875 0.1625
0 0.5375 0.71953125 0.2140625 0.2015625
2 0.6609375 0.3078125 0.15 0.14375
1 0.55625 0.565625 0.196875 0.1875
1 0.3390625 0.6828125 0.225 0.2125
1 0.78046875 0.4890625 0.2125 0.2
1 0.36875 0.4859375 0.215625 0.2046875
1 0.4359375 0.6828125 0.221875 0.209375
1 0.5671875 0.39765625 0.190625 0.178125
1 0.60859375 0.4546875 0.18125 0.1703125