0 0.44921875 0.696875 0.1359375 0.0796875
0 0.5375 0.52109375 0.125 0.071875
0 0.4453125 0.62421875 0.1328125 0.075
0 0.56328125 0.63125 0.128125 0.071875
0 0.7921875 0.66640625 0.11875 0.059375
1 0.42109375 0.50859375 0.11875 0.0671875
0 0.73671875 0.5796875 0.1203125 0.05625
1 0.6921875 0.50859375 0.1171875 0.0578125
2 0.77578125 0.51953125 0.11875 0.0578125
1 0.68984375 0.6703125 0.1421875 0.0765625
1 0.55546875 0.57109375 0.125 0.06875
1 0.56875 0.44453125 0.1203125 0.0671875
1 0.659375 0.55546875 0.11875 0.0609375
1 0.44609375 0.55703125 0.1234375 0.065625