0 0.5421875 0.5859375 0.1203125 0.0796875
0 0.3640625 0.6734375 0.1578125 0.1015625
0 0.64453125 0.66484375 0.1203125 0.0859375
2 0.56328125 0.51015625 0.121875 0.0796875
0 0.28125 0.56796875 0.16875 0.0984375
1 0.45703125 0.51796875 0.11875 0.075
0 0.278125 0.75625 0.1609375 0.1046875
0 0.2359375 0.6890625 0.1578125 0.103125
1 0.28203125 0.475 0.1609375 0.0875
1 0.15 0.57890625 0.159375 0.09375
1 0.5234375 0.68984375 0.146875 0.10625
1 0.321875 0.6171875 0.1515625 0.1
1 0.4375 0.5765625 0.1171875 0.075
1 0.1984375 0.625 0.1515625 0.0921875