0 0.54453125 0.4609375 0.1921875 0.1390625
0 0.74453125 0.45625 0.1953125 0.1421875
0 0.51796875 0.740625 0.171875 0.125
0 0.48984375 0.628125 0.1875 0.13125
2 0.471875 0.40234375 0.1953125 0.140625
1 0.6640625 0.54609375 0.175 0.125
1 0.4421875 0.5140625 0.1875 0.1359375
0 0.29921875 0.59296875 0.190625 0.1265625
0 0.39609375 0.70859375 0.171875 0.11875
1 0.20390625 0.53125 0.1921875 0.1328125
0 0.5359375 0.54765625 0.1734375 0.121875
1 0.20625 0.66875 0.19375 0.1328125
1 0.3921875 0.46015625 0.1984375 0.1375
1 0.28984375 0.6765625 0.19375 0.1328125
1 0.38984375 0.6046875 0.1875 0.128125
0 0.39453125 0.65703125 0.096875 0.0609375