1 0.2875 0.67421875 0.215625 0.1671875
1 0.65234375 0.6921875 0.225 0.18125
0 0.3953125 0.57578125 0.1953125 0.1578125
1 0.22890625 0.62109375 0.2140625 0.1609375
0 0.48671875 0.70703125 0.2078125 0.1671875
0 0.37421875 0.86953125 0.2515625 0.2015625
1 0.43984375 0.6328125 0.209375 0.165625
0 0.32421875 0.77109375 0.24375 0.19375
1 0.384375 0.46484375 0.2 0.153125
1 0.5671875 0.484375 0.1765625 0.1296875
0 0.65078125 0.553125 0.178125 0.128125
1 0.55546875 0.5578125 0.1765625 0.1375
0 0.75546875 0.634375 0.1828125 0.1375
2 0.67421875 0.45625 0.1484375 0.1171875