1 0.4578125 0.54921875 0.15625 0.1078125
1 0.334375 0.5125 0.15 0.1046875
1 0.6328125 0.496875 0.1203125 0.0859375
1 0.48046875 0.39921875 0.15625 0.1046875
1 0.58671875 0.54921875 0.125 0.0875
0 0.4390625 0.4890625 0.1640625 0.1125
1 0.61953125 0.68359375 0.1609375 0.11875
2 0.73984375 0.52421875 0.11875 0.08125
0 0.68203125 0.59140625 0.128125 0.084375
1 0.309375 0.45390625 0.15625 0.103125
0 0.46875 0.615625 0.15625 0.1140625
0 0.34296875 0.66953125 0.1609375 0.11875
0 0.74453125 0.6984375 0.146875 0.0953125
0 0.33359375 0.5890625 0.1609375 0.115625