0 0.4171875 0.67265625 0.23125 0.2578125
0 0.528125 0.515625 0.225 0.24375
3 0.2390625 0.70625 0.2328125 0.259375
0 0.72578125 0.2640625 0.18125 0.203125
3 0.278125 0.28984375 0.2328125 0.25625
0 0.53671875 0.28046875 0.19375 0.21875
3 0.53046875 0.78359375 0.2734375 0.296875
3 0.62578125 0.31484375 0.2125 0.2359375
2 0.48984375 0.115625 0.2078125 0.23125
2 0.27109375 0.52890625 0.2234375 0.2515625
2 0.66875 0.4546875 0.20625 0.2296875
2 0.609375 0.1359375 0.1765625 0.2
1 0.478125 0.42890625 0.2234375 0.25
1 0.3890625 0.3703125 0.20625 0.2328125
2 0.3359375 0.14921875 0.2203125 0.2421875