0 0.71015625 0.79375 0.1984375 0.1671875
0 0.42734375 0.48125 0.2203125 0.1921875
0 0.30859375 0.715625 0.225 0.19375
0 0.44609375 0.65703125 0.2234375 0.1921875
0 0.66875 0.65859375 0.175 0.15
0 0.303125 0.603125 0.21875 0.1875
2 0.7328125 0.59375 0.1515625 0.1359375
1 0.4546875 0.57421875 0.2 0.1765625
1 0.2765625 0.40390625 0.2296875 0.2
1 0.596875 0.76328125 0.2171875 0.1875
1 0.47265625 0.37109375 0.21875 0.1921875
1 0.30625 0.49609375 0.2265625 0.1953125
1 0.61796875 0.53203125 0.1953125 0.165625
1 0.5765625 0.5890625 0.1859375 0.15625